10,10
10,11
10,12
10,13
10,14
10,15
10,3
10,4
10,5
10,6
10,7
10,8
10,9
11,10
11,11
11,12
11,13
11,14
11,16
11,3
11,5
11,6
11,7
11,8
11,9
12,10
12,11
12,12
12,13
12,14
12,5
12,6
12,7
12,8
12,9
13,10
13,11
13,12
13,13
13,17
13,5
13,6
13,7
13,8
13,9
14,10
14,11
14,13
14,6
14,7
14,8
14,9
15,10
15,11
15,12
15,9
19,61
20,43
20,66
21,54
21,58
21,70
22,56
23,59
23,74
24,56
24,57
24,60
24,61
25,60
25,65
25,69
26,46
26,52
26,61
26,63
26,64
26,65
27,47
27,56
27,67
27,70
27,75
27,79
28,47
28,51
28,56
28,57
28,61
28,62
28,64
28,68
28,70
28,71
29,50
29,51
29,52
29,56
29,57
29,58
29,59
29,60
29,61
29,65
29,68
29,69
29,70
29,71
29,72
29,73
30,40
30,49
30,52
30,53
30,54
30,55
30,57
30,58
30,59
30,60
30,61
30,63
30,64
30,65
30,66
3,10
31,51
31,52
31,54
31,55
31,58
31,59
31,61
31,63
31,65
31,66
31,70
32,43
32,44
32,45
32,49
32,50
32,51
32,52
32,53
32,54
32,55
32,56
32,57
32,58
32,60
32,61
32,62
32,63
32,64
32,66
32,67
32,69
32,70
32,75
33,43
33,46
33,47
33,48
33,50
33,52
33,53
33,54
33,55
33,58
33,59
33,60
33,61
33,62
33,64
33,65
33,66
33,67
33,68
33,69
33,70
33,72
33,76
34,48
34,49
34,50
34,52
34,53
34,54
34,55
34,56
34,57
34,58
34,59
34,60
34,61
34,62
34,63
34,65
34,66
34,67
34,68
34,69
34,72
34,75
34,76
35,14
35,43
35,48
35,50
35,51
35,52
35,53
35,54
35,55
35,56
35,58
35,60
35,61
35,62
35,63
35,65
35,66
35,67
35,68
35,69
35,70
35,73
36,10
36,44
36,45
36,46
36,50
36,52
36,53
36,54
36,55
36,56
36,57
36,58
36,59
36,60
36,61
36,62
36,63
36,64
36,65
36,66
36,67
36,68
36,69
36,70
36,71
36,76
37,42
37,46
37,48
37,49
37,50
37,51
37,53
37,54
37,55
37,56
37,57
37,59
37,60
37,61
37,62
37,63
37,64
37,65
37,66
37,67
37,68
37,69
37,70
37,71
37,72
37,74
37,75
37,78
3,8
38,10
38,41
38,43
38,44
38,51
38,52
38,54
38,55
38,56
38,57
38,58
38,59
38,60
38,61
38,62
38,63
38,64
38,65
38,66
38,67
38,70
38,71
38,72
39,10
39,11
39,3
39,46
39,49
39,50
39,51
39,52
39,53
39,54
39,55
39,56
39,57
39,58
39,59
39,60
39,61
39,62
39,63
39,65
39,66
39,67
39,69
39,70
39,71
40,45
40,47
40,52
40,53
40,55
40,56
40,57
40,58
40,59
40,6
40,60
40,61
40,62
40,63
40,64
40,65
40,66
40,67
40,70
40,74
40,77
40,8
4,10
41,10
41,13
41,46
41,47
41,48
41,51
41,52
41,53
41,54
41,55
41,56
41,57
41,58
41,59
41,60
41,61
41,62
41,63
41,64
41,65
41,66
41,67
41,68
41,7
41,70
41,76
42,47
42,48
42,5
42,51
42,52
42,53
42,54
42,55
42,56
42,57
42,58
42,59
42,61
42,62
42,63
42,64
42,65
42,67
42,68
42,71
42,72
42,73
42,74
42,76
43,10
43,12
43,15
43,47
43,49
43,50
43,55
43,56
43,57
43,58
43,59
43,60
43,61
43,62
43,63
43,64
43,65
43,66
43,69
43,7
43,8
44,10
44,50
44,51
44,52
44,53
44,54
44,55
44,57
44,58
44,59
44,6
44,60
44,61
44,62
44,63
44,64
44,65
44,66
44,67
44,68
44,69
44,70
44,8
45,10
45,11
45,12
45,13
45,14
45,38
45,4
45,42
45,43
45,46
45,47
45,48
45,49
45,51
45,52
45,53
45,54
45,55
45,56
45,57
45,58
45,59
45,6
45,60
45,62
45,63
45,64
45,65
45,66
45,68
45,72
45,8
45,9
46,10
46,11
46,12
46,13
46,2
46,4
46,45
46,49
46,5
46,50
46,54
46,55
46,56
46,57
46,58
46,59
46,60
46,63
46,65
46,66
46,67
46,68
46,69
46,72
46,73
46,8
46,9
47,10
47,11
47,12
47,14
47,4
47,46
47,5
47,50
47,51
47,52
47,53
47,54
47,55
47,56
47,57
47,58
47,59
47,6
47,60
47,61
47,62
47,63
47,64
47,65
47,66
47,67
47,69
47,7
47,70
47,73
47,8
47,80
47,9
48,10
48,11
48,12
48,13
48,39
48,43
48,44
48,46
48,49
48,5
48,50
48,52
48,53
48,54
48,56
48,57
48,58
48,6
48,60
48,61
48,62
48,63
48,64
48,65
48,67
48,71
48,8
4,9
49,10
49,11
49,12
49,13
49,14
49,45
49,46
49,49
49,5
49,51
49,52
49,54
49,55
49,56
49,57
49,6
49,60
49,63
49,65
49,66
49,68
49,70
49,71
49,73
49,8
49,9
50,10
50,11
50,12
50,14
50,15
50,17
50,5
50,52
50,53
50,54
50,57
50,6
50,61
50,64
50,68
50,7
50,70
50,8
50,9
5,10
5,11
51,1
51,10
51,11
51,12
51,13
51,15
51,16
5,12
5,13
51,3
5,14
51,4
51,45
51,47
51,50
51,51
51,56
51,57
51,58
51,59
51,6
51,60
51,63
51,65
51,67
51,7
51,73
51,8
51,9
52,10
52,11
52,12
52,13
52,14
52,15
52,16
52,51
52,55
52,57
52,59
52,6
52,60
52,61
52,67
52,73
52,78
52,8
52,9
5,3
53,10
53,11
53,12
53,13
53,15
53,16
53,3
53,4
53,49
53,50
53,59
53,6
53,68
53,69
53,7
53,70
53,8
53,9
54,10
54,11
54,12
54,13
54,14
54,15
54,4
54,49
54,5
54,50
54,55
54,57
54,68
54,7
54,8
54,9
55,1
55,10
55,11
55,12
55,13
55,14
55,15
55,3
55,5
55,54
55,6
55,60
55,61
55,7
55,8
55,9
56,10
56,11
56,12
56,13
56,14
56,15
56,16
56,17
56,3
56,4
56,5
56,55
56,6
56,66
56,7
56,8
56,9
5,7
57,0
57,10
57,11
57,12
57,13
57,14
57,15
57,16
57,18
57,4
57,5
57,52
57,54
57,55
57,6
57,60
57,7
57,8
57,9
5,8
58,10
58,11
58,12
58,13
58,14
58,16
58,17
58,4
58,5
58,55
58,6
58,7
58,8
58,9
5,9
59,10
59,11
59,12
59,13
59,14
59,15
59,16
59,17
59,2
59,3
59,4
59,5
59,6
59,62
59,7
59,8
59,9
60,10
60,11
60,12
60,14
60,15
60,4
60,5
60,6
60,63
60,7
60,8
60,9
6,10
6,11
61,10
61,11
61,12
61,13
61,14
61,15
61,16
6,12
6,13
61,3
6,14
61,5
61,6
61,7
61,8
61,9
62,10
62,11
62,12
62,13
62,14
62,3
62,4
62,5
62,59
62,6
62,7
62,8
62,9
63,10
63,11
63,12
63,13
63,14
63,15
63,17
63,3
63,51
63,6
63,68
63,8
63,9
64,10
64,11
64,12
64,13
64,14
64,15
64,16
64,17
64,3
64,4
64,5
64,6
64,7
64,8
64,9
65,10
65,11
65,12
65,13
65,4
65,5
65,6
65,7
65,8
65,9
6,6
66,10
66,11
66,12
66,13
66,14
66,15
66,17
66,3
66,4
66,5
66,6
66,7
66,8
66,9
6,7
67,10
67,11
67,12
67,13
67,14
67,15
67,16
67,3
67,5
67,7
67,8
67,9
6,8
68,10
68,11
68,13
68,15
68,3
68,5
68,6
68,7
68,8
68,9
6,9
69,10
69,11
69,12
69,13
69,14
69,17
69,5
69,6
69,7
69,8
69,9
70,0
70,1
70,10
70,11
70,12
70,13
70,4
70,5
70,6
70,7
70,8
7,10
7,11
71,10
71,11
71,12
71,13
7,12
7,13
7,14
7,15
71,5
71,7
71,8
71,9
72,10
72,11
72,12
72,13
72,14
72,4
72,7
72,9
73,10
73,11
73,12
73,13
73,6
73,8
73,9
7,4
74,11
74,13
74,15
74,18
74,6
74,9
7,5
75,10
75,4
75,6
75,8
75,9
7,6
76,12
76,15
76,16
76,6
76,7
76,8
76,9
7,7
77,11
77,5
77,9
7,8
78,4
78,8
7,9
79,11
79,13
80,13
80,9
8,10
8,11
8,12
8,13
8,14
8,15
8,16
81,6
81,8
82,10
82,12
83,2
83,77
8,4
84,84
84,85
8,5
85,76
85,80
85,82
85,88
85,89
85,91
85,93
85,96
8,6
86,100
86,106
86,77
86,78
86,79
86,82
86,83
86,84
86,85
86,86
86,87
86,88
86,89
86,90
86,92
86,93
86,94
86,95
86,96
86,97
86,99
8,7
87,100
87,101
87,104
87,75
87,76
87,77
87,78
87,81
87,82
87,83
87,84
87,85
87,86
87,87
87,88
87,89
87,90
87,91
87,92
87,93
87,94
87,95
87,96
87,97
87,98
87,99
8,8
88,100
88,101
88,102
88,103
88,73
88,75
88,76
88,77
88,78
88,79
88,80
88,81
88,82
88,83
88,84
88,85
88,86
88,87
88,88
88,89
88,9
88,90
88,91
88,92
88,93
88,94
88,95
88,96
88,97
88,98
88,99
8,9
89,100
89,101
89,102
89,103
89,104
89,106
89,108
89,73
89,77
89,78
89,79
89,80
89,81
89,82
89,83
89,84
89,85
89,86
89,87
89,88
89,89
89,90
89,91
89,92
89,93
89,94
89,95
89,96
89,97
89,98
89,99
90,100
90,101
90,102
90,104
90,76
90,77
90,79
90,80
90,81
90,82
90,83
90,84
90,85
90,86
90,87
90,88
90,89
90,90
90,91
90,92
90,93
90,94
90,95
90,96
90,97
90,98
90,99
9,10
9,11
91,103
91,104
9,12
9,13
9,14
9,15
91,68
91,73
91,75
91,76
91,77
91,78
91,79
91,80
91,81
91,82
91,83
91,84
91,85
91,86
91,87
91,88
91,89
91,90
91,91
91,92
91,93
91,94
91,95
91,96
91,97
91,98
91,99
92,101
92,102
92,76
92,78
92,79
92,80
92,81
92,82
92,83
92,84
92,85
92,86
92,87
92,88
92,89
92,90
92,91
92,92
92,93
92,94
92,95
92,96
92,97
92,98
92,99
93,104
93,78
93,81
93,82
93,83
93,84
93,85
93,86
93,87
93,88
93,89
93,90
93,91
93,92
93,94
93,95
93,97
93,98
9,4
94,108
94,72
94,78
94,84
94,86
94,87
94,89
94,90
94,92
94,93
94,94
94,95
94,97
94,98
9,5
95,88
95,90
95,92
95,95
95,99
9,6
96,84
96,88
96,90
9,7
9,8
9,9
